5033977
6602911
4780796
4394775
7729264
6486386
7122579
8752786
10987408
12983834
5595862
4734161
3407282
4910493
3639768
8187153
9732844
3756032
4168870
4009163
4899385
1803917
3842923
7162510
3432613
2553257
3701123
3305711
3288335
4728338
5972520
3001300
2830318
3428605
3520990
3231482
3174162
4018413
2806484
2166915
2507403
4293073
4842938
3191525
3786004
3515539
3174247
3207527
3368149
3538006
2685200
2139509
3117556
2373294
2875257
2620442
3769915
2763346
3035446
4053526
3602475
4155899
4837986
3877543
3342067
2617028
3765198
3286124
3384372
3172609
3447769
2485480
3793884
4381577
3084449
3021301
2957897
5625967
3757140
2881445
3830456
3497692
5109598
4372130
4186395
3355108
4061624
3196560
4119712
2690570
3483136
2586444
4744438
3676519
2664523
4347047
3109876
2009071
4102419
3044806
3451418
3730967
3296898
4398201
2474484
2640679
3857674
3286605
2815827
3337285
3662109
3458847
6356912
3623567
3686958
3849177
4493071
3691433
4825934
4136700
4634940
2944369
3310934
3580635
4476246
3008860
5031294
3739854
3522948
3350471
3001732
4905186
4419746
3376982
4172613
3434516
4247640
3005827
4057200
4267718
2920152
6935476
3115886
3271287
2283581
4495145
2442764
3288758
2282424
2659266
3388133
3241216
3096335
4756057
3369318
4194502
5134123
3147069
2203460
3632122
3384576
4356487
3973878
3207902
3736938
2922465
3614879
3625997
3322889
3077441
3217974
3240683
2555760
33484852
26862056
17792845
18047033
13386642
7244315
6815238
7007369
3310348
3097765
5228336
3299983
4832860
2742603
2947745
2584051
3591876
3619910
4304702
3361691
4440051
3404031
3747157
4067741
4866526
5340435
3938095
69085708
39726508
102385118
56244498
38397175
20167612
26717352
18751187
24934077
10532185
26555598
22389138
25555731
11902240
11965806
10782660
8578135
4349644
8884593
5592121
5660439
6258281
5454555
3611795
7073764
6182657
3466063
4354989
5170673
4547309
3915435
4578153
4345014
5845461
6833516
6101786
7646717
6825127
6280060
6509623
5121286
6723608
4058499
5065000
6664832
7984338
5299617
8486053
17388439
9735098
7765578
11702703
11290708
6396322
5415372
4620617
6577377
5417383
7211222
4902260
3717559
5331671
5025531
7345068
5809555
4216169
3712350
4366262
5031398
13125154
13346087
8720602
4140681
4322390
4919272
4947616
4057807
2686172
2465354
2645924
3946929
2793934
6006266
3805628
16692339
5531399
8212668
9936243
7139391
4712973
4905424
5854417
18349829
13768557
9278796
8114245
8661320
10638082
6898190
7911063
7372231
6202691
6285285
4768050
3904565
4897111
5127491
4860321
25493362
37423162
27425435
21691659
28796723
43156397
97023787
168315127
349430800
657701914
762462369
809450788
1230526676
1883577530
2879787152
4920134520
6588870009
7233146213
6502945895
12926371393
9972896458
16277838753
21732246832
18148969571
12362984190
8010716559
5971544226
5300041976
5136837632
4521753395
3602334061
2904495321
1633398271
926627352
651037366
292566787
123293430
119345953
99614015
129028071
86360411
58034724
57903977
41684031
32129305
18523230
16639122
16271459
11237716
11941719
10088863
10843421
5813874
10634897
8524618
9546990
6749671
6096572
4563900
7137626
10658665
7045975
4175148
3967988
3774419
5371909
3328954
5382955
5987511
4286334
3250490
2336331
3264989
2706525
4826903
5256141
4470684
5766735
3147245
4139238
3926683
3540265
3386957
3399517
4066803
3762127
2655406
4619546
3744741
8426762
5404382
16407523
26510686
53217506
95958529
101849396
1038737993
2159154242
3280234451
2325776621
1942754873
5426897339
6184254000
3722312184
2928844999
1312722372
125870709
26983355
23063549
29368786
21812090
28058047
34739649
42109368
129116416
5160488054
21622511478
10268159126
14965855892
14720737596
15371892229
14619086807
16671378944
13105562734
8333795066
9454920615
5638961397
4956327211
10583849076
1952252798
4260053310
6452108184
5437931907
2102191257
1446147559
893215869
1110339107
744839796
846648575
857618130
1146430557
985469259
926312705
618493853
721935885
680038795
1057295750
1273314733
1857478709
1658817644
1507040066
1154367086
986386471
966000313
776913721
609918382
491798090
568140866
693792220
707435056
657856832
460997889
254769194
96211340
9266324
1312527
881643
520142
780571
799522
562606
729181
339523
309530
289860
430498
443440
330274
515624
349415
260011
499498
241778
278885
340669
514226
286574
336184
409486
356555
190565
245848
349676
438763
245661
358845
298363
375091
245953
461511
277254
431139
339148
245529
375894
324939
318551
318160
373765
313290
1247979
11882202
70694018
271077421
611350372
969462152
1143025852
1347133738
1885703685
1979034487
2051924566
2006920181
901900713
481535722
365169969
241211045
452232502
80435637
7956260
8305861
8574751
13544850
9526825
9621080
5973260
5196505
9535111
13931823
160953858
152918969
355330366
2037125601
9567598398
12878584610
11973942604
10398319581
7152902491
3518617673
1926840217
2539791887
3984307942
4034825787
3479038463
2465183688
2120306444
1950905469
1345943563
456697986
269417248
166897927
61499579
37249512
44787418
26963280
31894583
24370725
23531892
49789459
8977070
22951661
16796421
14645056
5539823
9586710
3495711
2346311
3581496
2245528
2177771
2457321
1983966
