894254
500089
491649
222028
424817
774966
382896
407355
509928
264910
706516
435769
340512
577545
424992
188826
760530
772688
722213
1843515
180189
561427
680010
3557956
8648294
3925921
359155
4112829
2267687
2506225
3237388
1310760
1200960
1995278
890361
1379723
487156
529509
2627717
1297324
803979
1198021
1207454
353610
1104388
727885
549926
783972
494307
249667
714351
1825204
1279848
1261882
563898
749489
1363238
706964
1252841
656761
1280743
946402
899178
2578714
527544
492703
628574
569650
1035371
630743
938556
719549
839356
1034772
817040
1557343
1867162
1347138
2672217
6356119
4710335
4240241
2662746
2609439
3107974
4085017
2394503
2532686
3870087
29899023
111904211
538367012
2682320566
5583994906
26213211557
28590918620
26946092257
29638099940
28162509194
21321454566
10708424511
3634941327
691907587
730783102
946842405
773082583
441713793
1937279145
5551636909
3388066280
4078506917
1501711621
434684733
98843805
110208076
173677071
91157046
1011755440
1609471360
1747216512
951056329
845823340
1104824573
3002092785
4129947193
1818220143
1219280229
213059122
269824022
474118743
469991487
368879890
92390768
1072958037
2098220707
2356955268
3357347908
2640562358
1242082089
190964379
224712945
228670452
1620665887
3136489747
5341844483
4321700863
4849819720
1785590672
330317224
93546082
132164180
1407100434
3031724277
9406287652
11765691254
10337148694
7379191010
4762223264
4877832777
3100691783
2532453164
1304710823
660248605
155688547
50866749
20302149
13442596
5588786
4633726
3410951
3034497
1013420
