14624
4036
10301
17448
81670
91328
37517
20205
14700
3621
6956
17964
5503
1918
12131
150
234
45790
27376
20344
35667
34200
14600
9251
7384
16028
17198
6714
3703
3956
13413
21268
27723
7759
6662
21804
14810
5374
30902
31100
4126
6629
6004
5897
6584
8122
7649
3152
14962
26924
42562
39321
19868
6794
3779
8214
13965
11977
16122
17706
29225
12937
6409
7777
14376
19222
10174
1321
3092
4708
13316
10755
15643
8619
7538
7041
3132
1986
13647
16326
15527
38388
26491
23310
17060
1898
4455
5750
16118
11361
2895
2730
3048
4247
3917
2206
2231
1873
5724
4760
8361
554810
4374234
2306668
146613
1166
76980
82879
2418
2422
4119
9440
21637
39323
23383
11801
24812
30047
47591
604067
886437656
40455125193
50778792003
51179864901
53238131907
54037635105
50676004473
54047830138
51229888759
54679222713
54311768863
54694519008
55212134356
55080165014
51982658340
49604717815
49099478015
48628015878
47652561677
49422014988
49520400284
49588241369
54594768814
56988546012
56346479744
52810556936
48130638425
48905690894
46138067772
48875026097
55389476241
53948632315
52678837936
60086899269
60332904824
56091702008
56787792229
53698945057
52827542841
54511438812
51957374818
50017998106
46946689457
41926264912
34915403971
25622450466
18318155370
7297970405
5078110659
3032665825
2441299338
1287990685
635411254
150930206
17550958
19952092
10227465
1909969
578199
280077
151031
100047
79309
45348
45628
43393
33735
43067
48236
24095
19826
8602
5600
5242
20231
24511
113228
16268
3383
46685
30655
675
949
1194
2595
5047
5270
32312
37408
31392
35382
24657
30078
26282
76996
53285
58624
30301
29844
42674
50925
57448
31579
19081
11210
16995
20795
57152
65561
81780
72417
53066
56333
56469
41177
102094
309767
96944459
12567406030
27985303088
37564935740
32763174577
32951545548
45360357575
44242857155
49484844008
54431435763
54034981742
51986120347
48244836953
45348600290
48510560643
53008904353
54980740282
54757770419
54194077973
53681376501
54665422162
55117169942
55958437023
56374013558
57572424234
59693284280
56792888515
57605878070
58672632586
58242772562
57779100936
56606889521
57221837095
56951061541
57270050933
58169485325
59341109823
58679188273
56161413540
58661927969
55670956522
56324701479
56289369533
53049898399
52785417877
55532831472
55471142502
52665025177
51199174696
52984752870
50952801421
48210865960
47145467513
46450063177
42968710704
42691075619
37312280376
31081544425
31372666391
24129582154
14931894574
4576696481
3997599475
1239958205
184472777
114244732
48073241
10947653
7439841
4747389
1734331
1487761
891935
517333
353861
226916
202906
153133
76165
65875
46778
101425
123166
98944
62243
10498
21348
20256
36175
40382
34461
123089
161925
85924
89250
58291
74395
73499
100397
146803
241251
238617
221898
341133
198342
70990
113223
99910
52032
24172
3841
10549
13982
3193
8481
6725
9756
6575
26943
16500
6659
25213
25237
8819
7064
1208
3378
2608
1850
10706
29229
8652
9321
6632
54454
186125
808465657
1845492600
2854537964
4393586010
4681376468
6975477974
8052395082
7784090247
8018759411
7974315736
8448976210
10007219954
8870824758
9062465732
10404611898
10692817084
11634726058
12536281878
15507392325
16746129123
19133033869
18570935071
20357799757
25895965756
26292057211
20871423877
22576481302
22040285051
22857594481
23993310499
29367615474
31576616859
30872480376
31448754877
30905446865
29948989711
30618157403
33224150035
36268053126
37902994828
35647535157
34737309023
37323286964
37795479328
33057812310
35200359553
35351522203
35592351373
34762490238
37147808113
35785565206
38712682747
35984896304
32973708949
30781034632
29387604823
31819968411
32659954146
31894641561
30929076484
27524816909
24173907203
19407425264
15857899387
12742764233
12877993761
9804123044
4767832965
2227947829
1070765924
444390639
102470924
31305198
17382003
9917525
2278642
939722
427086
253745
268996
318590
235379
114982
63549
59414
47566
134853
119143
53952
36848
10291
68828
73027
47283
36891
14298
23234
30481
76993
105878
138924
72088
27999
19510
33989
25277
25107
18393
15869
15487
14085
10323
7336
1645
8656
10483
13779
16793
29740
26992
12583
19840
13244
1697
3501
2674
1294
2012
83015
822277
1039753486
5918266938
7706027044
10396411432
15192759491
14564784337
18376174194
22524970305
22620072738
23951174711
21288522091
19293048419
19041321885
20163529723
20326038127
20802529499
21174546524
21618218485
21443206244
20738374837
19700151277
20430655464
21228356102
21771854976
22140808131
21512663563
22314480729
21650101745
21067350333
20975746510
21309933509
21884693650
21962648912
20048001409
19550145619
18269672465
17679371238
17303936437
17056716320
17554802048
18336205193
17715810520
17968721686
18153341710
18059307825
17767982388
16610159101
15853751603
15916144530
16153432971
15826966999
15104539291
14664941990
13206031613
12817605011
10770617116
9915800455
8549541350
7534748438
6508476936
5917810436
5043201226
3045321528
859955953
78002954
11962449
7378955
5908627
1462748
126828
172605
171653
54077
3381
45660
116206
248672
86713
23971
6282
7507
13664
18095
12083
3074
1960
4755
18528
22504
6439
3985
9734
14429
18745
6424
7709
16541
10377
6156
13743
15110
4145
3524
2369
12252
20522
17108
15583
9248
1562
2195
1528
2065
3403
14090
91532
367553
36455085
4227844897
6680343586
7824344680
9469759146
9747066018
10017927407
10199837519
11328822306
12522236913
13407111011
13392707618
13511468897
13626143368
13566104719
13834764993
13733927245
13435285810
13648683675
13907312381
14228754774
14751975970
15075552865
15093557296
15420645303
15591107370
15572824644
15266418173
15409214314
15293315257
15719397288
16205004035
16482769838
16292604996
15969607383
15682118953
15686391251
16266476227
16541309882
15954037849
16050362882
15698678160
15426857504
15732792841
15638390370
15739792981
16379002509
16528879551
16473558008
16546478346
16361787198
15931871590
15248356780
15177250150
15083208641
15501487684
15465478234
14641762002
13785292816
13243715923
11852616669
10499804944
8919577674
7712267416
7408953103
7562197383
5412948524
2232052091
935255105
269312869
29059601
5192582
6032851
5253088
2948801
1770895
2358665
2503619
3056026
2516225
1470731
1258935
714001
549552
426377
253077
322475
349413
250012
202787
162080
267350
286453
202412
221843
266775
194076
119865
179612
291882
227605
235832
238716
95650
48856
24734
8137
7917
44361
56907
36655
64344
39979
30230
23561
13409
26017
30558
80228
48789
20418
47249
46228
51420
41551
44019
261082
27053458
4019379244
10759469065
13369910384
17920963806
21200525898
25218014529
32175832873
34944015966
33961002731
38728300256
43050540707
42107553296
44576735421
46764479701
44981845209
45546315142
44880437478
44571862982
42327520878
40468211379
39872498217
38795121511
37472259883
38466612797
38748179966
40776705299
38969801997
38397047224
35932772940
36241653753
33771700413
34327946347
31381034898
30433103442
29977395006
29998157103
30152095213
32873296446
31585276253
30277498449
28421074327
26993346437
26043080927
25992598697
26521321554
27251248244
26772135716
26250715567
26389489036
25916570188
27870424670
26694846234
26001383747
25302506801
24707161602
20414942019
16448849163
14816381172
13790741413
8818373565
2826814498
808365248
222405131
49723146
18787869
14572632
2749471
945068
436612
345499
158940
215302
250584
241237
126901
52075
33523
18690
31772
68781
98840
103928
117741
105138
140585
101969
86204
75380
30964
17040
10191
5711
11705
13998
21179
20063
35201
34786
35754
12600
4095
7972
14023
15479
16812
20760
52082
42904
22979
34231
23590
61409
28524
1944
28097
30183
4186
5804
7146
14673
14173
19725
28113
26492
29519
32881
33142
29037
10262
48859
48877
4610
4763
880
2785
1245
