11045282
9813601
15896986
8589893
8083065
6323733
10733712
7395540
5816943
9457639
16113784
6556175
90644693
140833260
349318704
537076504
714180802
782068227
706854532
1171427052
1254006219
1370440545
1495483311
1745736975
1562990918
2061693218
2193316725
2245357302
2118745783
2068657117
2585457545
2646934344
1820032263
1234597072
1386650886
1263323215
1149106414
741165172
551258987
317794793
178546110
228411586
92953350
39189776
25965460
46342396
27079984
16748760
18172931
10950344
20482226
23551010
14382646
18001538
17587243
22453157
255702341
504672654
1147923445
1030194555
907076427
491290864
271592851
316965607
158073794
387860689
944884615
1866337451
1959918927
1209970788
2109899779
2069266350
2318301532
1827361130
1718819645
1767474042
1302232122
486229615
488911084
321312844
279000408
418878721
218469893
138944419
55571780
169987265
56503007
71495241
31101373
30554213
18481080
16137157
16374757
8449850
6663139
6658760
62822031
114701667
237085714
165301515
161774327
264906774
245515695
346656691
318504396
227017467
351193289
207368191
379171627
374994669
384010934
482663406
260673067
419329032
280649003
230882404
322779578
198938653
342213745
251113603
261348362
280031055
236955408
328875137
175985942
302228191
225326952
210913726
174709628
148240618
159683759
75373017
102531337
52907688
24986202
18760101
17295192
16833328
11660370
25819130
388329957
682416379
653963782
604478428
715318490
799375303
567152698
449209002
181945673
132614670
49443578
25190416
28972821
171557388
519907149
430206753
613375464
596395461
525021657
818470629
652795587
772446435
619269077
588390050
804920748
603920548
523223345
348098277
499191694
315751882
307437825
104092302
112696100
89232708
43770087
34508615
14512914
8167534
10463055
13644426
5447419
5560601
6051339
3845706
6584924
5550798
4298859
5045756
4752894
3473328
5539686
7309212
29500987
12378306
8435255
11963047
3571798
4301278
32328221
234368938
300427010
274415759
138755261
92968344
116701518
257431159
584128159
861617989
1297397946
1804301852
2599317852
1510622516
1837915935
1583192037
903213138
392083766
630097439
2986642032
3068963151
2609658121
2251748630
1837394923
1464019605
899290237
757347530
1333795772
1824122051
2083597647
2516003157
2483181423
2128772080
698376446
337454854
127345891
28514757
48890392
112064265
71782711
70026688
22880678
5958589
7504408
9186985
10350775
5484473
9038619
4724540
5697604
8157102
4556708
6587302
4164884
4839883
2363544
2384389
3440762
2350165
4588677
4334819
4958361
3549169
3866823
1870105
4914642
3861938
4821756
2470079
2967827
7723767
4250045
3123517
4263120
4364748
7723223
3537939
4003093
8302928
128000344
88819704
204564542
208472884
221640587
228943060
212820044
190146387
139184541
150997157
131916504
127149177
90474608
52880961
72656743
26642640
13597650
7473472
9241377
9934626
8602641
7815960
15254620
5652694
7683590
8918722
4044389
7194547
6574154
3181489
7708049
4214055
3539203
3614321
4894209
6776968
3356365
3783205
5958083
3218598
4797107
36393106
286757793
394597092
398173357
210193455
307546714
286727332
359002327
325195821
339910527
181184710
205480811
124696900
199241169
203183308
297329956
265626382
152663028
131967484
111284751
55741702
23782759
8086430
8889289
8152813
5970522
8448937
5376222
4198320
2889017
2724429
2777267
3105162
8041525
4741275
29909639
24555361
12743711
10681042
13461538
92531766
46819763
90373908
69565115
180013754
456874368
361583826
500593878
317907564
316364807
190010826
134572695
383305632
422608722
409988808
373196531
612518511
865978054
644079612
706854226
764697859
455001374
302240742
162494928
126232278
82158928
94000789
180939365
222066522
138249437
219858014
189831786
99955006
62218971
19368548
37901436
11284521
6415771
4319316
6150307
5820752
5550084
5139723
6409673
3298917
4531305
3685015
3491274
2719689
7477348
41153798
95585776
137859884
108662739
121502479
152582305
123460202
172257885
365338640
402977722
628162515
786700819
435338058
268559397
271598477
398600539
90846751
111975058
53469475
30081161
20125085
11911446
6629361
50984932
30199990
19056322
12943024
8665741
21410292
115577612
158004902
72193765
102208920
59984773
72251445
126211461
69409550
70886399
61810334
54519202
43161066
27389726
24547203
25578571
18905919
19561556
25107603
13282325
13475781
13843661
8650251
3890687
7002289
3809216
5785198
4569227
4085706
4462802
5258189
4434083
2980961
4132576
5552531
4227905
5358279
2444770
3767936
3095965
2225385
3103708
2809721
4095302
4081788
5801197
3094029
4058827
4764485
4926559
4283530
6361206
7036241
3595727
6108125
4585955
6522913
4832528
3928197
4076219
3752900
4646769
4200594
2170602
2668605
3263563
4698737
4860267
4159670
2385657
5429362
2206729
4065936
4153142
4124458
4649591
4126375
3175713
4498749
2837097
4088380
3361919
4072197
4687767
4311273
4855930
2892512
3980444
2685211
4012987
4529515
4511119
3633602
3586471
4376083
3869461
2802293
4499681
3527858
1432768
