1055515
404288
291246
281338
260905
275071
269244
264807
270524
279195
178313
4823
3983
4488
4652
3897
3945
4087
4259
4263
4334
3804
4399
4418
4283
3647
4563
20214
382515333
306786015
487841116
561231125
1163283759
1554486394
1632587392
1162702523
1913360341
943826534
568679984
207251097
497956081
9366891177
10125075912
9828708559
5950643079
5881631687
4539831126
258827991
176028556
358856733
2114711703
3081499849
1177370705
844527733
664948680
423099288
71049963
15146141
11258320
22467980
175295721
161727117
104944568
82270162
120798384
242768724
505049131
506527335
557185389
742872370
891596885
246167704
68141585
101593128
190577335
214420039
211639142
960497274
3310963924
2517228610
1587932273
229014053
262516540
2733718940
3961869908
3945186598
2806469856
1852830747
1807415189
1506306769
1059420404
704631426
521113343
425064652
1107255892
2405411049
2894724433
2572306440
2360075521
2061833251
2173332374
1789675072
1109771578
848427999
251825682
39355949
13192490
8400299
6276040
7981954
6541088
4376643
6377866
4277044
5335931
91156464
307722919
29720052
12966181
10707687
7428586
10924830
10187340
13510754
16903303
21247132
25874661
22554143
17812660
21186572
20505212
11242192
8006834
7461967
6079448
6925392
4554105
5159832
5920089
4784019
6328701
4242745
6635230
6205004
5845902
6590592
3957553
5279761
6375263
5307362
6117447
4447721
5826240
6014747
6900849
11630878
29953793
58231990
98456343
311295635
494139848
1436543634
10232124934
13254837635
7736865816
385216561
121743335
51287631
45842848
120294273
1111899864
1946013428
3414892512
2248239147
134660912
105138555
449434054
1504561824
308458519
477814115
342884206
1945482632
480345745
7197977697
23775796817
15929886557
20308240197
11179052853
3623383339
6162999828
2327367170
1569362029
750013005
524697913
39426526
45363224
20033865
7980489
12023546
6618880
5976402
6734621
4621224
6787746
5768673
5546871
5528282
5973132
3702860
6883080
5659982
2895539
