3875010
4705363
978252
1643378
2886134
2375657
2240411
597439
546953
414342
747709
633218
407017
395624
777213
415400
423430
751323
1101613
2660124
901112
463414
591768
3164468
39082256
2099071536
6653640716
8542993727
9033578289
10231284264
17680963947
18811364820
18710140200
14979538273
8274374490
1948098309
481417714
365386593
282548422
128279180
552329562
6266655726
9820164971
7319252532
8052646821
9473897436
5921691813
6552107937
4559405525
3004966683
497735735
104303310
47918478
132046680
94569154
99157476
27178688
1688871774
5842115658
3992983013
2561390341
2984895304
2098994633
1443328727
1397419318
1663560884
993106319
204944212
36315380
43880159
889595527
2762767070
5617853942
5244972070
5833813474
4405909671
5460888175
6648082204
2166159466
434219282
140104398
77964110
19621052
27375650
681410235
5301562935
4051850785
2893077065
3179047559
6577752160
8629342467
8831216100
5616529132
779503007
178898926
219290886
392709265
474384619
4214944875
5204416822
5480170477
3239760395
3014080911
4354273725
5423151614
7135716298
6409599038
2898351743
1603065099
2462107848
2113835365
2756951945
3352458461
3476183381
3401898124
4061099616
1455340622
285357540
196427218
217081702
412323844
656177506
671963724
878248941
1472784375
1490986622
1839353885
2076660718
962907848
500467805
66503507
36034461
23652815
17284762
131683003
834685011
841018536
960227005
802829418
294017756
67605224
21660373
16572856
5265903
4918731
2309484671
5987179156
3388289485
4345514706
5000747199
7625240360
2084158011
1537036876
1303185599
282747355
33546765
20384137
27414664
9345740
7064435
1989455
1480672
927392
940085
925114
637883
691405
414031
413895
920698
605905
833255
769788
966463
791855
754085
424994
878097
695961
388158
778840
1031447
356005
366313
699383
617041
1068393
1036038
1314946
1279939
1234728
