25213887
26098551
22459466
20370355
27679054
25627159
15002245
20884022
20023448
22779112
30573677
15583374
23454517
12810083
22242707
12891961
12249655
25100114
21495532
24735162
23313919
22207855
38016657
20904857
16423650
31471278
17851814
25068045
22255035
16078872
21868239
15730689
14852624
19425253
16657336
16977743
13755469
16760904
16181924
10282993
19970469
11440582
16529773
12646054
13029580
23854366
22794971
18781781
30585352
30863765
16469934
15804385
13868251
17415881
16176704
11160445
13481331
15078107
83768466
390018075
1331473134
3524479924
14589641877
41326187305
28356801336
13634844286
9035335901
9586435526
18959428757
17913522507
19503352647
20765253806
14209504927
10196501990
1913173436
877101919
344288944
184558780
211338963
468292269
849279872
1958219501
3051311138
7582419389
7100364247
10406113895
5477449670
6835072322
5740385997
6791193767
4570861201
1275101971
139631134
57678318
70623555
43633514
60810275
76687362
87800874
98400111
39744756
1261766033
6044354382
6636647074
5406758889
4593169030
3534661238
3264679373
2706460027
2469110265
3957934241
4083214728
1332728276
550025514
1994474555
3996662314
13729273104
12939684326
17856072940
14859518725
6276365222
4979417610
1343619764
359972599
153543828
159972995
209306645
117458455
236169991
3112803727
5081412260
4838239223
5846564394
7935773304
9389801660
10832544029
7302608421
13560751912
19205297075
25560182414
23756773105
18446926036
22504521052
30412985275
12126353192
4872172300
1832433669
372646436
117520403
161954701
125222829
150807677
104646921
82726893
334835040
2677827467
8860059001
16384116276
18111319444
15018353638
19066148965
8358572712
3521647897
4700060575
5535688495
3877298875
1250943831
852248021
305033593
271753022
250215136
609004771
1572834120
4263831100
9355406007
15632366209
21070515933
20040182080
19548246411
16390204686
12756240228
12451974232
3400043191
1099365119
242925895
77357201
71080145
37226179
34881236
30196738
22300324
23031110
17048654
14352778
19147783
22655070
26459362
24124260
12562545
14237141
11210512
14396956
12702046
11854339
17236322
15092268
7723499
6481076
6425653
6662086
7645445
15853348
22009786
17062310
8424137
10592029
