154770
165068
164141
187905
164615
193385
175012
164018
178920
157589
163263
159670
143591
167489
145171
148947
167849
186779
186330
184312
161755
162321
178319
167762
169904
156714
181068
165046
165619
169856
169798
169962
167922
173616
172790
164575
214240
182465
174252
165162
170724
187930
154567
170836
7479766
3447941
29074735
39165309
28650149
64728959
3739862814
8375262358
9025722013
11909593208
8482141499
3955915137
3687451577
4536282391
4279812608
5582969714
5516884531
5157528490
4808033307
4329639858
3667083094
3646717610
5138586330
5581807858
7557310238
16544024314
21271540931
15300974181
15181167845
9544684930
10323234153
7380307978
4866992959
2426731660
212107924
157180923
871751469
4349662888
5246949729
3687108185
3435421346
3814427675
2255399992
1235188484
303038866
51985686
20548552
55064304
221579849
149498668
719461576
11066025201
19966317943
21327600752
17899140481
15479503765
5445826452
845336082
260000807
56783149
34019417
30788597
18974388
488689084
5439088420
6724415325
6393379084
4669898063
2826144914
3605378536
3133715773
982541365
77819389
95451833
1820269161
5106741573
9343164898
8992651575
4485838286
847840609
34188713
94118878
1547709377
4703589234
7438349470
6414141178
7811607608
4829643563
3035655129
1304446321
126185332
39304751
269984926
4969344976
6527756730
5753088407
4138069342
3935496504
3691417894
2448177192
2357700212
1931639950
2907051178
3390527875
6112510670
6027471265
6113071978
8260138863
13928172057
19549953105
20141627197
12588192326
7541161202
2470129634
355844415
107565198
25959232
46394458
292618853
425712131
250781518
3829857835
8178991226
8902884748
8574334936
5885266104
1952146702
1281445115
1143836726
1952322295
4246490223
8647620830
5393734858
6886794730
6576097247
4634433894
3554690856
3616998803
2352787408
1758125387
1844181081
1077941400
580144384
541539336
1078507518
1873311929
3645105461
4177612106
1966418591
625952547
333759070
1906173380
13513178593
19962741808
10893538022
8617589396
6773599696
2540306518
466662497
207547276
123995094
517457976
5438703249
6601491433
6024712652
7123220204
4703235498
4124307322
1919533379
1149854067
1080394270
1100303607
672745844
164363321
68589090
73926839
202060210
495129605
857507015
1075002557
1134366671
1206742359
538102428
229588622
96224748
92006137
89267183
54023647
59188934
27674927
981258988
1855955958
2725793772
3094336555
2392875962
1969149750
942018106
343961148
54814363
21161574
5701532
24417477
150150237
3302521020
4906255042
7937085773
8762116358
9756329714
7752373551
4668575180
2402950711
1663425002
559191502
74205396
62708762
77467379
33030510
19692619
171402641
681751281
547142634
152466981
37709442
9561925
4167132
1014968775
2695111866
1686192791
1678020768
1782589748
2919108802
4591861026
3694089697
1377958295
81395945
15273774
74301996
698969442
55937391
64786589
56797701
178566215
969683755
1042276904
1291282869
658265453
260529378
54693938
31977549
14766875
3886217
1015404
1015712
588740
553014
795991
596583
513590
579843
537292
870869
990088
1763529
1448628
1002244
1649009
1057588
907327
792288
667285
761346
754080
728533
768252
661890
623557
539399
577618
559289
785185
807327
645964
340306
537496
479905
579372
538803
1095549
983314
2382093
993045
737016
2955222
1048596
935859
956818
838220
439725
345366
