848445
715407
533186
831615
880869
1003405
942554
1025758
936079
782881
648502
634137
897399
953065
695456
877276
812976
646720
1117604
831362
667720
672434
984021
1004128
687364
748569
7997204
706718
902597
982341
801170
812728
651052
1035365
1030321
1813518
1973808
1940464
651845
815764
1036612
1119455
1020896
1069158
1036834
910747
744159
1282538
1190135
1154813
1955408
1026882204
7415752068
16747500112
11597487277
8176232407
4670783295
3995972039
932684004
260589629
389328196
359924463
346433895
373208270
227640286
108763124
5551726739
16701833241
12898255354
17637604009
11314926996
1679285494
111400463
12432495
45039839
84475664
149427501
121920053
138044237
3128757914
13123834314
14905731729
8598140757
7760722636
2520992433
1674355240
855570930
403161569
90161472
64847422
30304939
14322194
141823038
232670234
123151458
231236883
342090918
175184098
274579929
106509220
44661157
1670051246
1984128707
1546927320
2352776926
2400606600
1771975481
1733025272
1048624533
809224254
747605209
531533694
428673381
169030528
9191980
464678917
240178781
7961071802
17789658484
20769309882
12029140671
5137320091
3906317322
303729429
348239522
271870876
636971006
2390828
1959547
3099115
2321820
795713
794931
520031
692355
569292
554096
398772
770522
910493
1583512
1813874
1891950
1786925
1424730
1277258
758320
906287
672977
608096
736102
634794
655618
556184
717898
576096
650752
583938
39024214
1044328482
7558476990
6886776694
4020284724
831799271
592583714
324178104
292158674
246370701
184212320
141943616
60240379
121977029
514251845
565170510
822681357
662035964
449303334
149191567
598743360
2733707636
3101869976
1895873657
1203908237
850153055
609431682
498538554
277541849
120003349
85715414
152238868
264282803
344223542
231642214
309509546
106954631
631868978
1952907941
1456839404
459943946
3155702
1954787
108790967
53523047
205706545
355180833
373934772
5632565367
3489942861
5523008241
651168037
43845965
9253271
304149626
3384163792
1882869263
1652907153
735945446
667205305
164466625
172308879
173578155
401084118
843960653
1486781272
1117596260
87185445
3270811
1329167
179714266
43157877
1047853892
845834616
219399702
89423738
32366659
17589490
19810248
2160619
737217
669645
586150
20860754
488874229
1044123595
311600785
214257829
129251603
33138993
138984610
687422419
554266530
408258615
458971483
187010145
96792145
35861223
53273058
284346043
448339245
377573678
289161204
172035065
2013430276
2531883732
401481647
167077677
55381259
15987910
9079965
934083
723175
775514
608992
550991
650648
586350
615730
668893
497548
475413
494452
427936
546018
540581
507473
453954
824152
621859
603909
684419
568816
513717
673217
421669
746894
498754
722403
408173
430120
592110
502170
512394
688168
703843
672834
726890
456026
569978
607496
430829
462310
595879
519282
599412
533423
472878
676913
542883
623395
686093
667769
514652
569589
536929
627620
723222
684030
564808
