2607866
3037595
1515983
2470643
2061398
3262538
1548989
3136405
2508967
13068851
2342675
2627455
2077432
5322015
10881373
5041886
7087591
7780753
17220009
16222020
35132309
31060118
20755375
11562924
3450909
2641339
3056630
2594853
224531005
2478225026
6053686885
9132182200
8010910823
10496219037
10375645968
8440588324
9909790394
7996179903
10360481136
7364395925
5321927120
8322016162
9466428629
7916565541
10393777552
9643089746
7955368701
7410789430
3581293727
3297711959
2692701668
928093098
128668046
47235356
23420020
23894450
23884092
6206231657
12652516758
10719379293
5042179822
3005667375
3244262638
3628959438
2217549070
1582895706
724896897
120150836
140061795
2828829105
2889976666
1532926456
359202405
47464022
20236214
20733055
24938953
6662504705
8546693070
14214818773
16498423417
13714227059
11386764342
9545505218
3331969226
739552316
372168727
69744086
29935736
27916424
25770872
22152255
20630438
886590013
1643773047
1531524933
670177729
290049367
307204879
78759282
126742312
102437967
49365682
99556900
143633864
218622604
31881909
29658050
10765460
9179130
33067293
210660036
2949991726
4283505420
3033751242
1588680486
2169475757
2234760691
2566334243
2915779710
2867737621
2120144472
1027087565
202593623
84799850
58151642
52456953
1795207475
2098967020
2030281763
1304303967
1005586989
442294415
291949732
227043670
93209370
92171855
562440005
1095936634
718185292
502349416
561407998
390099773
120424324
9392035
20817708
11436591
82291055
76732623
331708305
2141654479
6952925119
5761485919
3377418327
2096126813
1964439091
1296052796
1429294279
1088494846
396309881
177329174
54063848
8046265
5090810
4399085
3653797
3398640
4168480
3636178
2659443
2946633
2736627
2323031
2051792
2631445
2215478
2696969
2249093
2189780
2396275
2546251
2771701
1872309
2800402
2037667
3045270
2516906
1385645
