0.043137254901960784
0.10196078431372549
0.047058823529411764
0.10980392156862745
0.050980392156862744
0.011764705882352941
0.011764705882352941
0.07450980392156863
0.10196078431372549
0.08235294117647059
0.011764705882352941
0.0392156862745098
0.0784313725490196
0.043137254901960784
0.03137254901960784
0.0784313725490196
0.07450980392156863
0.10196078431372549
0.027450980392156862
0.03529411764705882
0.19215686274509805
0.11372549019607843
0.2823529411764706
0.19215686274509805
0.11372549019607843
0.08235294117647059
0.12156862745098039
0.01568627450980392
0.043137254901960784
0.047058823529411764
0.023529411764705882
0.03529411764705882
0.03137254901960784
0.023529411764705882
0.06274509803921569
0.03529411764705882
0.0784313725490196
0.043137254901960784
0.00392156862745098
0.03529411764705882
0.0196078431372549
0.00784313725490196
0.00784313725490196
0.058823529411764705
0.043137254901960784
0.058823529411764705
0.043137254901960784
0.00784313725490196
0.0392156862745098
0.050980392156862744
0.03137254901960784
0.01568627450980392
0.11372549019607843
0.18823529411764706
0.24313725490196078
0.06274509803921569
0.058823529411764705
0.13725490196078433
0.09803921568627451
0.18823529411764706
0.11372549019607843
0.14901960784313725
0.2196078431372549
0.08627450980392157
0.1607843137254902
0.12156862745098039
0.08627450980392157
0.10196078431372549
0.15294117647058825
0.1411764705882353
0.27058823529411763
0.15294117647058825
0.21176470588235294
0.1843137254901961
0.2235294117647059
0.17647058823529413
0.2
0.24313725490196078
0.21568627450980393
0.22745098039215686
0.11764705882352941
0.11764705882352941
0.13725490196078433
0.21176470588235294
0.21176470588235294
0.17647058823529413
0.36470588235294116
0.5333333333333333
0.5647058823529412
0.6980392156862745
0.5725490196078431
0.7568627450980392
0.7529411764705882
0.3333333333333333
0.0784313725490196
0.08627450980392157
0.0392156862745098
0.0392156862745098
0.03529411764705882
0.047058823529411764
0.058823529411764705
0.050980392156862744
0.21568627450980393
0.34901960784313724
0.26666666666666666
0.24705882352941178
0.27058823529411763
0.09411764705882353
0.15294117647058825
0.12941176470588237
0.11764705882352941
0.13333333333333333
0.10980392156862745
0.10980392156862745
0.1568627450980392
0.6196078431372549
0.5176470588235295
0.06274509803921569
0.12549019607843137
0.10588235294117647
0.12549019607843137
0.09803921568627451
0.07450980392156863
0.0392156862745098
0.03529411764705882
0.047058823529411764
0.043137254901960784
0.3803921568627451
0.7137254901960784
0.7607843137254902
0.7647058823529411
0.6862745098039216
0.6039215686274509
0.11372549019607843
0.058823529411764705
0.027450980392156862
0.027450980392156862
0.023529411764705882
0.043137254901960784
0.21568627450980393
0.5137254901960784
0.3137254901960784
0.050980392156862744
0.12549019607843137
0.07058823529411765
0.07058823529411765
0.08627450980392157
0.08627450980392157
0.10588235294117647
0.07450980392156863
0.09411764705882353
0.054901960784313725
0.054901960784313725
0.06666666666666667
0.08235294117647059
0.08235294117647059
0.10196078431372549
0.10588235294117647
0.11764705882352941
0.10588235294117647
0.10196078431372549
0.10196078431372549
0.10588235294117647
0.07450980392156863
0.12156862745098039
0.11764705882352941
0.10196078431372549
0.08235294117647059
0.12549019607843137
0.12941176470588237
0.17647058823529413
0.08235294117647059
