0.00784313725490196
0.12549019607843137
0.09411764705882353
0.050980392156862744
0.0196078431372549
0.03529411764705882
0.050980392156862744
0.06274509803921569
0.10196078431372549
0.08627450980392157
0.03137254901960784
0.07058823529411765
0.12941176470588237
0.12941176470588237
0.06666666666666667
0.4117647058823529
0.4
0.01568627450980392
0.06274509803921569
0.07058823529411765
0.07058823529411765
0.08627450980392157
0.12549019607843137
0.15294117647058825
0.16862745098039217
0.1568627450980392
0.1607843137254902
0.17254901960784313
0.1803921568627451
0.21568627450980393
0.09019607843137255
0.08235294117647059
0.10980392156862745
0.12156862745098039
0.10588235294117647
0.12156862745098039
0.12941176470588237
0.12549019607843137
0.023529411764705882
0.0196078431372549
0.17254901960784313
0.14901960784313725
0.15294117647058825
0.16470588235294117
0.1568627450980392
0.1568627450980392
0.1411764705882353
0.17254901960784313
0.00784313725490196
0.0
0.0
0.023529411764705882
0.023529411764705882
0.12941176470588237
0.16470588235294117
0.10588235294117647
0.11764705882352941
0.10196078431372549
0.054901960784313725
0.054901960784313725
0.0
0.10588235294117647
0.16862745098039217
0.12156862745098039
0.08235294117647059
0.0784313725490196
0.09803921568627451
0.24313725490196078
0.11764705882352941
0.07450980392156863
0.0
0.054901960784313725
0.054901960784313725
0.08627450980392157
0.07058823529411765
0.0
0.15294117647058825
0.23921568627450981
0.07058823529411765
0.06666666666666667
0.050980392156862744
0.054901960784313725
0.0392156862745098
0.01568627450980392
0.00784313725490196
0.10196078431372549
0.08627450980392157
0.10980392156862745
0.047058823529411764
0.0392156862745098
0.12941176470588237
0.09411764705882353
0.10980392156862745
0.11764705882352941
0.14901960784313725
0.09803921568627451
0.09803921568627451
0.08235294117647059
0.058823529411764705
0.10588235294117647
0.054901960784313725
0.03529411764705882
0.03529411764705882
0.0
0.06666666666666667
0.14901960784313725
0.03529411764705882
0.00784313725490196
0.19215686274509805
0.17647058823529413
0.06274509803921569
0.00784313725490196
0.0
0.00784313725490196
0.00392156862745098
0.06666666666666667
0.00784313725490196
0.09019607843137255
0.13333333333333333
0.12549019607843137
0.12156862745098039
0.1450980392156863
0.1568627450980392
0.1568627450980392
0.15294117647058825
0.1607843137254902
0.1568627450980392
0.1568627450980392
0.1568627450980392
0.1568627450980392
0.1568627450980392
0.1568627450980392
0.1568627450980392
0.1568627450980392
0.1568627450980392
0.1568627450980392
0.1568627450980392
0.1568627450980392
0.1568627450980392
0.1568627450980392
0.15294117647058825
0.1568627450980392
0.15294117647058825
0.15294117647058825
0.15294117647058825
0.1568627450980392
0.13333333333333333
0.12549019607843137
0.1411764705882353
0.1568627450980392
0.1568627450980392
0.12549019607843137
0.11764705882352941
0.1568627450980392
0.15294117647058825
0.1568627450980392
0.15294117647058825
0.15294117647058825
0.1568627450980392
0.15294117647058825
0.15294117647058825
0.15294117647058825
0.1568627450980392
0.14901960784313725
0.1568627450980392
0.14901960784313725
0.11764705882352941
0.11764705882352941
0.11764705882352941
0.09019607843137255
0.10196078431372549
0.047058823529411764
0.043137254901960784
0.047058823529411764
0.10196078431372549
0.13333333333333333
0.1568627450980392
0.10980392156862745
0.1568627450980392
0.12156862745098039
0.10980392156862745
0.13333333333333333
0.11372549019607843
0.06666666666666667
0.0784313725490196
0.07450980392156863
0.043137254901960784
0.043137254901960784
0.023529411764705882
0.0392156862745098
0.06666666666666667
0.12941176470588237
0.15294117647058825
0.12156862745098039
0.10196078431372549
0.11372549019607843
0.0
0.06274509803921569
0.16470588235294117
0.00784313725490196
0.07450980392156863
0.28627450980392155
0.25882352941176473
0.25098039215686274
0.20392156862745098
0.16862745098039217
0.1607843137254902
0.03137254901960784
0.023529411764705882
0.054901960784313725
0.03137254901960784
0.03137254901960784
0.0
0.0
0.0
0.03137254901960784
0.0
0.050980392156862744
0.03529411764705882
0.0
0.00784313725490196
0.047058823529411764
0.047058823529411764
0.054901960784313725
0.0
0.023529411764705882
0.14901960784313725
0.023529411764705882
0.00784313725490196
0.023529411764705882
0.023529411764705882
0.07058823529411765
0.03137254901960784
0.023529411764705882
0.00784313725490196
0.054901960784313725
0.08627450980392157
0.08235294117647059
0.0784313725490196
0.0784313725490196
0.0784313725490196
0.0784313725490196
0.0784313725490196
0.08235294117647059
0.08235294117647059
0.0784313725490196
0.08235294117647059
0.08235294117647059
0.0784313725490196
0.0784313725490196
0.0784313725490196
0.0784313725490196
0.08235294117647059
0.0784313725490196
0.0784313725490196
0.0784313725490196
0.0784313725490196
0.0784313725490196
0.0784313725490196
0.0784313725490196
0.08627450980392157
0.0784313725490196
0.0784313725490196
0.0784313725490196
0.0784313725490196
0.0784313725490196
0.0784313725490196
0.0784313725490196
0.0784313725490196
0.08627450980392157
0.08627450980392157
0.0784313725490196
0.08627450980392157
0.08235294117647059
0.0784313725490196
0.0784313725490196
0.0784313725490196
0.0784313725490196
0.0784313725490196
0.08235294117647059
0.0784313725490196
0.08235294117647059
0.0784313725490196
0.0784313725490196
0.0784313725490196
0.08235294117647059
0.0784313725490196
0.0784313725490196
0.0784313725490196
0.08235294117647059
0.0784313725490196
0.08235294117647059
0.0784313725490196
0.08235294117647059
0.0784313725490196
0.08235294117647059
0.08627450980392157
0.0784313725490196
0.054901960784313725
0.07450980392156863
0.08235294117647059
0.058823529411764705
0.10196078431372549
0.09019607843137255
0.09411764705882353
0.10196078431372549
0.09803921568627451
0.10588235294117647
0.07450980392156863
0.0784313725490196
0.08235294117647059
0.0784313725490196
0.06274509803921569
0.047058823529411764
0.054901960784313725
0.07058823529411765
0.07450980392156863
0.09019607843137255
0.06666666666666667
0.0392156862745098
0.03529411764705882
0.03529411764705882
0.054901960784313725
0.08235294117647059
0.08235294117647059
0.07450980392156863
0.07450980392156863
0.058823529411764705
0.03137254901960784
0.0392156862745098
0.0
0.00784313725490196
0.01568627450980392
0.00784313725490196
0.03137254901960784
0.0392156862745098
0.03137254901960784
0.0
0.00784313725490196
0.0
0.0
0.0
0.0
0.0
0.0
0.0
0.0196078431372549
0.09411764705882353
0.08627450980392157
0.11372549019607843
0.10196078431372549
0.0392156862745098
0.09803921568627451
0.13725490196078433
0.1411764705882353
0.0
0.0
0.0
0.0
0.0196078431372549
0.12941176470588237
0.1607843137254902
0.16470588235294117
0.13725490196078433
0.1803921568627451
0.03529411764705882
0.06666666666666667
0.0
0.0392156862745098
0.0
0.0
0.03137254901960784
0.06274509803921569
0.03529411764705882
0.03529411764705882
0.0392156862745098
0.03529411764705882
0.0392156862745098
0.0392156862745098
0.0392156862745098
0.0392156862745098
0.0392156862745098
0.07058823529411765
0.10196078431372549
0.09411764705882353
0.10196078431372549
0.10980392156862745
0.0784313725490196
0.08235294117647059
0.0784313725490196
0.08627450980392157
0.0784313725490196
0.09411764705882353
0.0784313725490196
0.08235294117647059
0.0784313725490196
0.0784313725490196
0.08235294117647059
0.0784313725490196
0.08235294117647059
0.08235294117647059
0.10588235294117647
0.08627450980392157
0.11764705882352941
0.13725490196078433
0.12156862745098039
0.12549019607843137
0.12549019607843137
0.12941176470588237
0.13333333333333333
0.1607843137254902
0.1568627450980392
0.1568627450980392
0.1607843137254902
0.13725490196078433
0.1568627450980392
0.1568627450980392
0.1568627450980392
0.1568627450980392
0.1568627450980392
0.1607843137254902
0.1411764705882353
0.1607843137254902
0.1568627450980392
0.14901960784313725
0.1568627450980392
0.1568627450980392
0.1411764705882353
0.13333333333333333
0.1607843137254902
0.1568627450980392
0.1568627450980392
0.1568627450980392
0.1411764705882353
0.0784313725490196
0.09411764705882353
0.08235294117647059
0.0784313725490196
0.11764705882352941
0.08235294117647059
0.054901960784313725
0.0392156862745098
0.0392156862745098
0.06666666666666667
0.07058823529411765
0.08627450980392157
0.08235294117647059
0.11764705882352941
0.09411764705882353
0.0784313725490196
0.0784313725490196
0.11372549019607843
0.08235294117647059
0.03529411764705882
0.0392156862745098
0.0392156862745098
0.0392156862745098
0.0392156862745098
0.0392156862745098
0.0392156862745098
0.0392156862745098
0.0392156862745098
0.050980392156862744
0.0784313725490196
0.047058823529411764
0.043137254901960784
0.03529411764705882
0.0784313725490196
0.07058823529411765
0.047058823529411764
0.07058823529411765
0.023529411764705882
0.047058823529411764
0.043137254901960784
0.06274509803921569
0.06274509803921569
0.043137254901960784
0.0392156862745098
0.050980392156862744
0.011764705882352941
0.01568627450980392
0.08235294117647059
0.06666666666666667
0.0
0.058823529411764705
0.09019607843137255
0.20392156862745098
0.054901960784313725
0.0
0.03137254901960784
0.047058823529411764
0.0
0.0
0.0
0.0
0.0
0.23529411764705882
0.06274509803921569
0.0392156862745098
0.13725490196078433
0.20392156862745098
0.0392156862745098
0.0784313725490196
0.06274509803921569
0.0392156862745098
0.03529411764705882
0.03529411764705882
0.03529411764705882
0.047058823529411764
0.047058823529411764
0.0392156862745098
0.0392156862745098
0.03529411764705882
0.0392156862745098
0.0392156862745098
0.07058823529411765
0.0784313725490196
0.0784313725490196
0.0784313725490196
0.0784313725490196
0.0784313725490196
0.0784313725490196
0.0784313725490196
0.0784313725490196
0.0784313725490196
0.0784313725490196
0.10980392156862745
0.10196078431372549
0.08627450980392157
0.0784313725490196
0.08627450980392157
0.08235294117647059
0.0784313725490196
0.0784313725490196
0.0784313725490196
0.0784313725490196
0.0784313725490196
0.0784313725490196
0.10980392156862745
0.11764705882352941
0.10196078431372549
0.08627450980392157
0.10980392156862745
0.10196078431372549
0.09411764705882353
0.0784313725490196
0.0784313725490196
0.0784313725490196
0.0784313725490196
0.08627450980392157
0.11764705882352941
0.10980392156862745
0.09803921568627451
0.09803921568627451
0.08235294117647059
0.0392156862745098
0.0392156862745098
0.0392156862745098
0.0392156862745098
0.0392156862745098
0.0392156862745098
0.06274509803921569
0.07058823529411765
0.03529411764705882
0.043137254901960784
0.0392156862745098
0.0392156862745098
0.043137254901960784
0.0392156862745098
0.0392156862745098
0.0392156862745098
0.043137254901960784
0.0392156862745098
0.0392156862745098
0.0392156862745098
0.08627450980392157
0.11764705882352941
0.047058823529411764
0.0392156862745098
0.03529411764705882
0.047058823529411764
0.00784313725490196
0.0392156862745098
0.07058823529411765
0.047058823529411764
0.0392156862745098
0.047058823529411764
0.11764705882352941
0.17647058823529413
0.06274509803921569
0.047058823529411764
0.0392156862745098
0.054901960784313725
0.13725490196078433
0.054901960784313725
0.054901960784313725
0.07058823529411765
0.23529411764705882
0.13333333333333333
0.0392156862745098
0.10196078431372549
0.11764705882352941
0.09411764705882353
0.03137254901960784
0.047058823529411764
0.10980392156862745
0.1411764705882353
0.0
0.0
0.00784313725490196
0.0784313725490196
0.1450980392156863
0.18823529411764706
0.17647058823529413
0.2235294117647059
0.13725490196078433
0.18823529411764706
0.07058823529411765
0.06666666666666667
0.0392156862745098
0.0392156862745098
0.0392156862745098
0.0392156862745098
0.0392156862745098
0.0392156862745098
0.0392156862745098
0.0392156862745098
0.0392156862745098
0.0392156862745098
0.0392156862745098
0.0392156862745098
0.0392156862745098
0.0392156862745098
0.0392156862745098
0.0392156862745098
0.0392156862745098
0.0392156862745098
0.0392156862745098
0.0392156862745098
0.0392156862745098
0.0392156862745098
0.0392156862745098
0.0392156862745098
0.0392156862745098
0.0392156862745098
0.0392156862745098
0.047058823529411764
0.054901960784313725
0.07058823529411765
0.08627450980392157
0.047058823529411764
0.0392156862745098
0.0392156862745098
0.0392156862745098
0.0392156862745098
0.0392156862745098
0.043137254901960784
0.0392156862745098
0.0392156862745098
0.0392156862745098
0.054901960784313725
0.06274509803921569
0.09411764705882353
0.06274509803921569
0.0392156862745098
0.0392156862745098
0.058823529411764705
0.0784313725490196
0.047058823529411764
0.0784313725490196
0.0784313725490196
0.0784313725490196
0.07450980392156863
0.08235294117647059
0.08627450980392157
0.047058823529411764
0.03529411764705882
0.0392156862745098
0.0392156862745098
0.0392156862745098
0.0392156862745098
0.06274509803921569
0.0392156862745098
0.0392156862745098
0.0392156862745098
0.0392156862745098
0.043137254901960784
0.0392156862745098
0.0392156862745098
0.043137254901960784
0.043137254901960784
0.043137254901960784
0.043137254901960784
0.0392156862745098
0.0392156862745098
0.0392156862745098
0.043137254901960784
0.0392156862745098
0.0392156862745098
0.0392156862745098
0.043137254901960784
0.0392156862745098
0.0392156862745098
0.0392156862745098
0.0392156862745098
0.043137254901960784
0.0392156862745098
0.0392156862745098
0.0392156862745098
0.0392156862745098
0.0392156862745098
0.0392156862745098
0.0392156862745098
0.0392156862745098
0.043137254901960784
0.0392156862745098
0.0392156862745098
0.0392156862745098
0.0392156862745098
0.0392156862745098
0.043137254901960784
0.0392156862745098
0.0392156862745098
0.0392156862745098
0.047058823529411764
0.043137254901960784
0.08627450980392157
0.10196078431372549
0.0392156862745098
0.047058823529411764
0.054901960784313725
0.0392156862745098
0.050980392156862744
0.0784313725490196
0.054901960784313725
0.06274509803921569
0.06274509803921569
0.06274509803921569
0.0392156862745098
0.047058823529411764
0.054901960784313725
0.047058823529411764
0.0392156862745098
0.0
0.0
0.01568627450980392
0.16470588235294117
0.047058823529411764
0.0392156862745098
0.03529411764705882
0.03529411764705882
0.0392156862745098
0.050980392156862744
0.0392156862745098
0.0392156862745098
0.0392156862745098
0.0392156862745098
0.0392156862745098
0.0392156862745098
0.043137254901960784
0.0392156862745098
0.0392156862745098
0.0392156862745098
0.0392156862745098
0.043137254901960784
0.0392156862745098
0.0392156862745098
0.0392156862745098
0.0392156862745098
0.0392156862745098
0.0392156862745098
0.0392156862745098
0.0392156862745098
0.0392156862745098
0.0392156862745098
0.0392156862745098
0.0392156862745098
0.0392156862745098
0.043137254901960784
0.058823529411764705
0.0392156862745098
0.0392156862745098
0.0392156862745098
0.043137254901960784
0.047058823529411764
0.06274509803921569
0.07058823529411765
0.07058823529411765
0.047058823529411764
0.054901960784313725
0.0784313725490196
0.07450980392156863
0.0784313725490196
0.0784313725490196
0.07058823529411765
0.08235294117647059
0.08627450980392157
0.0784313725490196
0.0784313725490196
0.0784313725490196
0.0784313725490196
0.08235294117647059
0.054901960784313725
0.0392156862745098
0.0392156862745098
0.043137254901960784
0.0392156862745098
0.0392156862745098
0.0392156862745098
0.043137254901960784
0.0392156862745098
0.0392156862745098
0.043137254901960784
0.0392156862745098
0.0392156862745098
0.0392156862745098
0.0392156862745098
0.0392156862745098
0.043137254901960784
0.0392156862745098
0.0392156862745098
0.043137254901960784
0.0392156862745098
0.0392156862745098
0.054901960784313725
0.06274509803921569
0.043137254901960784
0.0392156862745098
0.0392156862745098
0.043137254901960784
0.0392156862745098
0.0392156862745098
0.0392156862745098
0.043137254901960784
0.06666666666666667
0.06666666666666667
0.0392156862745098
0.06666666666666667
0.06274509803921569
0.09019607843137255
0.050980392156862744
0.0
0.0
0.0
0.01568627450980392
0.00784313725490196
0.0
0.0784313725490196
0.13333333333333333
0.03137254901960784
0.00784313725490196
0.0
0.03137254901960784
0.050980392156862744
0.043137254901960784
0.050980392156862744
0.03529411764705882
0.0392156862745098
0.06274509803921569
0.0
0.06666666666666667
0.13725490196078433
0.047058823529411764
0.0392156862745098
0.054901960784313725
0.09019607843137255
0.054901960784313725
0.08627450980392157
0.12156862745098039
0.01568627450980392
0.03529411764705882
0.03529411764705882
0.047058823529411764
0.058823529411764705
0.023529411764705882
0.058823529411764705
0.054901960784313725
0.00784313725490196
0.0
0.10588235294117647
0.11372549019607843
0.32941176470588235
0.16862745098039217
0.03529411764705882
