0.07058823529411765
0.10196078431372549
0.07058823529411765
0.08235294117647059
0.08235294117647059
0.09019607843137255
0.0784313725490196
0.08627450980392157
0.06666666666666667
0.08235294117647059
0.11372549019607843
0.0784313725490196
0.058823529411764705
0.06274509803921569
0.058823529411764705
0.054901960784313725
0.058823529411764705
0.054901960784313725
0.058823529411764705
0.058823529411764705
0.054901960784313725
0.058823529411764705
0.06274509803921569
0.07058823529411765
0.07450980392156863
0.06666666666666667
0.07058823529411765
0.06666666666666667
0.07058823529411765
0.07058823529411765
0.07058823529411765
0.07058823529411765
0.06666666666666667
0.07058823529411765
0.058823529411764705
0.06666666666666667
0.050980392156862744
0.054901960784313725
0.0392156862745098
0.0392156862745098
0.043137254901960784
0.027450980392156862
0.027450980392156862
0.050980392156862744
0.06274509803921569
0.054901960784313725
0.0784313725490196
0.0784313725490196
0.043137254901960784
0.10196078431372549
0.07058823529411765
0.06666666666666667
0.08235294117647059
0.2980392156862745
0.2980392156862745
0.24313725490196078
0.09019607843137255
0.047058823529411764
0.043137254901960784
0.054901960784313725
0.047058823529411764
0.047058823529411764
0.058823529411764705
0.027450980392156862
0.03137254901960784
0.027450980392156862
0.050980392156862744
0.06666666666666667
0.058823529411764705
0.06274509803921569
0.07058823529411765
0.07450980392156863
0.07058823529411765
0.06666666666666667
0.07058823529411765
0.06666666666666667
0.050980392156862744
0.058823529411764705
0.043137254901960784
0.0392156862745098
0.0392156862745098
0.023529411764705882
0.03529411764705882
0.047058823529411764
0.043137254901960784
0.03529411764705882
0.0784313725490196
0.07058823529411765
0.058823529411764705
0.06274509803921569
0.06274509803921569
0.058823529411764705
0.0784313725490196
0.08627450980392157
0.07058823529411765
0.11764705882352941
0.0392156862745098
0.03137254901960784
0.027450980392156862
0.050980392156862744
0.043137254901960784
0.027450980392156862
0.03529411764705882
0.03529411764705882
0.023529411764705882
0.03137254901960784
0.023529411764705882
0.023529411764705882
0.023529411764705882
0.027450980392156862
0.023529411764705882
0.023529411764705882
0.023529411764705882
0.023529411764705882
0.027450980392156862
0.023529411764705882
0.023529411764705882
0.027450980392156862
0.023529411764705882
0.023529411764705882
0.023529411764705882
0.023529411764705882
0.023529411764705882
0.023529411764705882
0.027450980392156862
0.023529411764705882
0.023529411764705882
0.043137254901960784
0.03137254901960784
0.03137254901960784
0.023529411764705882
0.050980392156862744
0.03137254901960784
0.03529411764705882
0.047058823529411764
0.03529411764705882
0.0392156862745098
0.0392156862745098
0.08235294117647059
0.06274509803921569
0.0784313725490196
0.0784313725490196
0.06666666666666667
0.0784313725490196
0.07058823529411765
0.054901960784313725
0.06666666666666667
0.043137254901960784
0.13333333333333333
0.054901960784313725
0.16862745098039217
0.28627450980392155
0.20784313725490197
0.0784313725490196
0.027450980392156862
0.03529411764705882
0.058823529411764705
0.054901960784313725
0.058823529411764705
0.0784313725490196
0.06666666666666667
0.09803921568627451
0.0784313725490196
0.07450980392156863
0.07058823529411765
0.07450980392156863
0.06666666666666667
0.0784313725490196
0.06666666666666667
0.07450980392156863
0.06274509803921569
0.07450980392156863
0.050980392156862744
0.0196078431372549
0.0392156862745098
0.09019607843137255
0.06274509803921569
0.09019607843137255
0.09803921568627451
0.058823529411764705
0.0784313725490196
0.07058823529411765
0.08235294117647059
0.10588235294117647
0.07058823529411765
0.10196078431372549
0.11764705882352941
0.08235294117647059
0.12549019607843137
0.11764705882352941
0.07450980392156863
0.11372549019607843
0.23529411764705882
0.24313725490196078
0.09019607843137255
0.10980392156862745
0.12549019607843137
0.11764705882352941
0.09803921568627451
0.03137254901960784
0.027450980392156862
0.03137254901960784
0.043137254901960784
0.050980392156862744
0.11764705882352941
0.03529411764705882
0.08235294117647059
0.06274509803921569
0.054901960784313725
0.043137254901960784
0.0392156862745098
0.043137254901960784
0.03529411764705882
0.03529411764705882
0.0392156862745098
0.03529411764705882
0.06274509803921569
0.0392156862745098
0.0392156862745098
0.047058823529411764
0.047058823529411764
0.043137254901960784
0.03529411764705882
0.01568627450980392
0.023529411764705882
0.047058823529411764
0.043137254901960784
0.050980392156862744
0.047058823529411764
0.047058823529411764
0.043137254901960784
0.047058823529411764
0.047058823529411764
0.054901960784313725
0.054901960784313725
0.058823529411764705
0.03529411764705882
0.047058823529411764
0.050980392156862744
0.06274509803921569
0.054901960784313725
0.0784313725490196
0.07450980392156863
0.07450980392156863
0.0784313725490196
0.054901960784313725
0.12549019607843137
0.11372549019607843
0.058823529411764705
0.0784313725490196
0.07450980392156863
0.08235294117647059
0.09803921568627451
0.1411764705882353
0.12941176470588237
0.11372549019607843
0.11372549019607843
0.08627450980392157
0.06666666666666667
0.09411764705882353
0.09803921568627451
0.07450980392156863
0.09803921568627451
0.09803921568627451
0.10196078431372549
0.11764705882352941
0.10588235294117647
0.11372549019607843
0.08235294117647059
0.09019607843137255
0.09803921568627451
0.09803921568627451
0.10588235294117647
0.11764705882352941
0.1450980392156863
0.11764705882352941
0.08235294117647059
0.054901960784313725
0.09803921568627451
0.050980392156862744
0.058823529411764705
0.06274509803921569
0.058823529411764705
0.06274509803921569
0.054901960784313725
0.047058823529411764
0.043137254901960784
0.043137254901960784
0.06666666666666667
0.03529411764705882
0.047058823529411764
0.043137254901960784
0.054901960784313725
0.047058823529411764
0.09411764705882353
0.058823529411764705
0.09019607843137255
0.06666666666666667
0.0784313725490196
0.027450980392156862
0.07450980392156863
0.09411764705882353
0.06274509803921569
0.08627450980392157
0.07450980392156863
0.07450980392156863
0.12549019607843137
0.09019607843137255
0.10196078431372549
0.12941176470588237
0.12549019607843137
0.11372549019607843
0.07058823529411765
0.13725490196078433
0.10588235294117647
0.15294117647058825
0.20392156862745098
0.10588235294117647
0.0784313725490196
0.050980392156862744
0.054901960784313725
0.06274509803921569
0.09803921568627451
0.09803921568627451
0.08627450980392157
0.06274509803921569
0.08235294117647059
0.03529411764705882
0.058823529411764705
0.027450980392156862
0.050980392156862744
0.0392156862745098
0.06274509803921569
0.06274509803921569
0.058823529411764705
0.06274509803921569
0.08235294117647059
0.043137254901960784
0.023529411764705882
0.06666666666666667
0.09019607843137255
0.050980392156862744
0.06666666666666667
0.0784313725490196
0.0784313725490196
0.08627450980392157
0.09411764705882353
0.09803921568627451
0.07058823529411765
0.12549019607843137
0.1450980392156863
0.11372549019607843
0.11372549019607843
0.15294117647058825
0.10980392156862745
0.13333333333333333
0.10980392156862745
0.09019607843137255
0.06666666666666667
0.043137254901960784
0.023529411764705882
0.054901960784313725
0.03137254901960784
0.07450980392156863
0.054901960784313725
0.07450980392156863
0.07450980392156863
0.054901960784313725
0.050980392156862744
0.047058823529411764
0.027450980392156862
0.03137254901960784
0.027450980392156862
0.054901960784313725
0.06666666666666667
0.07058823529411765
0.07450980392156863
0.07450980392156863
0.06274509803921569
0.07058823529411765
0.047058823529411764
0.050980392156862744
0.058823529411764705
0.043137254901960784
0.06666666666666667
0.03529411764705882
0.0392156862745098
0.09803921568627451
0.10196078431372549
0.06666666666666667
0.0784313725490196
0.06666666666666667
0.058823529411764705
0.06666666666666667
0.08627450980392157
0.07058823529411765
0.11372549019607843
0.09019607843137255
0.07450980392156863
0.10588235294117647
0.07450980392156863
0.08235294117647059
0.12156862745098039
0.09803921568627451
0.10196078431372549
0.13333333333333333
0.12156862745098039
0.09019607843137255
0.050980392156862744
0.03529411764705882
0.043137254901960784
0.058823529411764705
0.06274509803921569
0.06274509803921569
0.06666666666666667
0.10588235294117647
0.07450980392156863
0.08235294117647059
0.06274509803921569
0.058823529411764705
0.058823529411764705
0.07058823529411765
0.06274509803921569
0.058823529411764705
0.07450980392156863
0.06274509803921569
0.054901960784313725
0.07058823529411765
0.09411764705882353
0.06666666666666667
0.11764705882352941
0.10980392156862745
0.1568627450980392
0.13333333333333333
0.15294117647058825
0.1607843137254902
0.10588235294117647
0.058823529411764705
0.03137254901960784
0.06274509803921569
0.054901960784313725
0.058823529411764705
0.047058823529411764
0.06274509803921569
0.06274509803921569
0.09019607843137255
0.09019607843137255
0.08627450980392157
0.06666666666666667
0.0392156862745098
0.06666666666666667
0.027450980392156862
0.050980392156862744
0.054901960784313725
0.054901960784313725
0.058823529411764705
0.06666666666666667
0.03137254901960784
0.054901960784313725
0.09803921568627451
0.06274509803921569
0.07450980392156863
0.08235294117647059
0.07450980392156863
0.10588235294117647
0.08235294117647059
0.10196078431372549
0.10588235294117647
0.10588235294117647
0.08627450980392157
0.050980392156862744
0.07058823529411765
0.0784313725490196
0.09803921568627451
0.08627450980392157
0.12941176470588237
0.13725490196078433
0.09411764705882353
0.11372549019607843
0.06666666666666667
0.10196078431372549
0.10196078431372549
0.13725490196078433
0.07058823529411765
0.12156862745098039
0.09803921568627451
0.09803921568627451
0.10980392156862745
0.06666666666666667
0.08235294117647059
0.0784313725490196
0.10588235294117647
0.054901960784313725
0.07058823529411765
0.0784313725490196
0.08627450980392157
0.10196078431372549
0.08235294117647059
0.10588235294117647
0.11764705882352941
0.12549019607843137
0.09411764705882353
0.09019607843137255
0.11372549019607843
0.08235294117647059
0.0784313725490196
0.08627450980392157
0.13333333333333333
0.09019607843137255
0.07450980392156863
0.08627450980392157
0.06274509803921569
0.09411764705882353
0.10588235294117647
0.08235294117647059
0.08627450980392157
0.07058823529411765
0.09411764705882353
0.09803921568627451
0.058823529411764705
0.08235294117647059
0.09411764705882353
0.1450980392156863
0.09803921568627451
0.09803921568627451
0.08627450980392157
0.08235294117647059
0.08627450980392157
0.09803921568627451
0.07058823529411765
0.08627450980392157
0.0784313725490196
0.11372549019607843
0.09019607843137255
0.10980392156862745
0.0784313725490196
