0.19215686274509805
0.047058823529411764
0.0
0.0
0.0
0.0
0.0
0.0
0.0
0.0
0.043137254901960784
0.058823529411764705
0.06274509803921569
0.054901960784313725
0.0392156862745098
0.03137254901960784
0.07058823529411765
0.054901960784313725
0.054901960784313725
0.06274509803921569
0.10196078431372549
0.0784313725490196
0.047058823529411764
0.06274509803921569
0.06274509803921569
0.054901960784313725
0.047058823529411764
0.16470588235294117
0.13725490196078433
0.043137254901960784
0.047058823529411764
0.08235294117647059
0.11764705882352941
0.10588235294117647
0.11372549019607843
0.06274509803921569
0.03529411764705882
0.043137254901960784
0.050980392156862744
0.3803921568627451
0.3843137254901961
0.058823529411764705
0.08235294117647059
0.09019607843137255
0.12549019607843137
0.09803921568627451
0.07450980392156863
0.07450980392156863
0.06666666666666667
0.1450980392156863
0.07058823529411765
0.09019607843137255
0.11764705882352941
0.11372549019607843
0.09019607843137255
0.07058823529411765
0.10980392156862745
0.06274509803921569
0.09803921568627451
0.3333333333333333
0.4980392156862745
0.49019607843137253
0.5137254901960784
0.5333333333333333
0.34901960784313724
0.13725490196078433
0.12156862745098039
0.047058823529411764
0.050980392156862744
0.043137254901960784
0.047058823529411764
0.050980392156862744
0.16470588235294117
0.17647058823529413
0.18823529411764706
0.24705882352941178
0.2196078431372549
0.1450980392156863
0.08235294117647059
0.10196078431372549
0.09019607843137255
0.050980392156862744
0.06274509803921569
0.12156862745098039
0.12549019607843137
0.11372549019607843
0.09803921568627451
0.0784313725490196
0.08627450980392157
0.06274509803921569
0.0392156862745098
0.06274509803921569
0.027450980392156862
0.07058823529411765
0.07058823529411765
0.06666666666666667
0.06666666666666667
0.07450980392156863
0.06274509803921569
0.050980392156862744
0.06274509803921569
0.07058823529411765
0.0784313725490196
0.09019607843137255
0.06666666666666667
0.054901960784313725
0.10196078431372549
0.10588235294117647
0.09411764705882353
0.08235294117647059
0.08627450980392157
0.0784313725490196
0.06274509803921569
0.09019607843137255
0.19215686274509805
0.6039215686274509
0.5647058823529412
0.32941176470588235
0.2980392156862745
0.09803921568627451
0.1607843137254902
0.21176470588235294
0.2549019607843137
0.28627450980392155
0.2627450980392157
0.30196078431372547
0.2980392156862745
0.2901960784313726
0.2784313725490196
0.28627450980392155
0.19607843137254902
0.1607843137254902
0.21568627450980393
0.13333333333333333
0.17647058823529413
0.08235294117647059
0.1568627450980392
0.1411764705882353
0.11764705882352941
0.13333333333333333
0.0784313725490196
0.17254901960784313
0.0784313725490196
0.08627450980392157
0.0784313725490196
0.054901960784313725
0.13333333333333333
0.08627450980392157
0.06666666666666667
0.08235294117647059
0.07058823529411765
0.054901960784313725
0.09411764705882353
0.10196078431372549
0.13333333333333333
0.2823529411764706
0.3411764705882353
0.36470588235294116
0.4235294117647059
0.42745098039215684
0.2901960784313726
0.2196078431372549
0.10980392156862745
0.10980392156862745
0.0784313725490196
0.047058823529411764
0.050980392156862744
0.10196078431372549
0.10980392156862745
0.19607843137254902
0.047058823529411764
0.050980392156862744
0.058823529411764705
0.13725490196078433
0.3607843137254902
0.49411764705882355
0.6039215686274509
0.6470588235294118
0.4470588235294118
0.22745098039215686
0.23137254901960785
0.08235294117647059
0.08235294117647059
0.058823529411764705
0.050980392156862744
0.0784313725490196
0.07058823529411765
0.08627450980392157
0.09803921568627451
0.12549019607843137
0.12156862745098039
0.12549019607843137
0.12549019607843137
0.10196078431372549
0.11764705882352941
0.1450980392156863
0.13725490196078433
0.17254901960784313
0.1450980392156863
0.10980392156862745
0.11764705882352941
0.07058823529411765
0.1803921568627451
0.058823529411764705
0.08235294117647059
0.01568627450980392
0.047058823529411764
0.0392156862745098
0.09411764705882353
0.054901960784313725
0.047058823529411764
0.03137254901960784
