0.06666666666666667
0.058823529411764705
0.09803921568627451
0.07058823529411765
0.047058823529411764
0.043137254901960784
0.03529411764705882
0.047058823529411764
0.050980392156862744
0.07450980392156863
0.03137254901960784
0.050980392156862744
0.13725490196078433
0.11372549019607843
0.07058823529411765
0.07450980392156863
0.10980392156862745
0.054901960784313725
0.011764705882352941
0.011764705882352941
0.047058823529411764
0.06274509803921569
0.058823529411764705
0.21568627450980393
0.38823529411764707
0.09803921568627451
0.058823529411764705
0.054901960784313725
0.06274509803921569
0.07058823529411765
0.03529411764705882
0.0392156862745098
0.0392156862745098
0.0392156862745098
0.0392156862745098
0.0392156862745098
0.03529411764705882
0.0392156862745098
0.0392156862745098
0.0392156862745098
0.050980392156862744
0.09411764705882353
0.12941176470588237
0.2
0.18823529411764706
0.17254901960784313
0.21568627450980393
0.1568627450980392
0.1450980392156863
0.11372549019607843
0.11764705882352941
0.11372549019607843
0.12941176470588237
0.40784313725490196
0.47843137254901963
0.42745098039215684
0.3411764705882353
0.10588235294117647
0.054901960784313725
0.06666666666666667
0.09411764705882353
0.09411764705882353
0.13725490196078433
0.054901960784313725
0.0392156862745098
0.027450980392156862
0.03137254901960784
0.027450980392156862
0.0392156862745098
0.058823529411764705
0.054901960784313725
0.07450980392156863
0.058823529411764705
0.06274509803921569
0.07058823529411765
0.07450980392156863
0.08627450980392157
0.0784313725490196
0.06274509803921569
0.06274509803921569
0.058823529411764705
0.07058823529411765
0.08235294117647059
0.09803921568627451
0.054901960784313725
0.06666666666666667
0.06666666666666667
0.06666666666666667
0.03137254901960784
0.03529411764705882
0.03529411764705882
0.03529411764705882
0.03529411764705882
0.08235294117647059
0.2549019607843137
0.43529411764705883
0.4392156862745098
0.1803921568627451
0.10196078431372549
0.11372549019607843
0.10196078431372549
0.08235294117647059
0.050980392156862744
0.03529411764705882
0.03529411764705882
0.03529411764705882
0.03529411764705882
0.03529411764705882
0.03137254901960784
0.03529411764705882
0.0392156862745098
0.07450980392156863
0.08235294117647059
0.09803921568627451
0.10980392156862745
0.08627450980392157
0.07450980392156863
0.06274509803921569
0.06666666666666667
0.06666666666666667
0.08627450980392157
0.043137254901960784
0.050980392156862744
0.050980392156862744
0.054901960784313725
0.08235294117647059
0.0784313725490196
0.0392156862745098
0.023529411764705882
0.027450980392156862
0.08235294117647059
0.08235294117647059
0.050980392156862744
0.03137254901960784
0.058823529411764705
0.054901960784313725
0.06274509803921569
0.0784313725490196
0.07450980392156863
0.06274509803921569
0.08235294117647059
0.10588235294117647
0.10196078431372549
0.12156862745098039
0.0784313725490196
0.054901960784313725
0.07450980392156863
0.08627450980392157
0.10196078431372549
0.10588235294117647
0.09803921568627451
0.08627450980392157
0.09019607843137255
0.10980392156862745
0.0784313725490196
0.1607843137254902
0.07058823529411765
0.0784313725490196
0.09411764705882353
0.08235294117647059
0.09411764705882353
0.0784313725490196
0.058823529411764705
0.07450980392156863
0.047058823529411764
0.011764705882352941
0.043137254901960784
0.06666666666666667
0.027450980392156862
0.1568627450980392
0.050980392156862744
0.06274509803921569
0.03529411764705882
0.06666666666666667
0.09411764705882353
0.050980392156862744
0.08235294117647059
0.07058823529411765
0.08235294117647059
0.08627450980392157
0.11764705882352941
0.10588235294117647
0.14901960784313725
0.1411764705882353
0.09411764705882353
0.19215686274509805
0.1568627450980392
0.1607843137254902
0.13725490196078433
0.17254901960784313
0.10980392156862745
