0.09019607843137255
0.07450980392156863
0.06666666666666667
0.0784313725490196
0.0784313725490196
0.050980392156862744
0.06666666666666667
0.09019607843137255
0.0784313725490196
0.08235294117647059
0.054901960784313725
0.0784313725490196
0.08235294117647059
0.058823529411764705
0.07058823529411765
0.08235294117647059
0.06666666666666667
0.07058823529411765
0.08627450980392157
0.07058823529411765
0.06274509803921569
0.050980392156862744
0.054901960784313725
0.06274509803921569
0.06666666666666667
0.0784313725490196
0.047058823529411764
0.058823529411764705
0.07450980392156863
0.06666666666666667
0.08627450980392157
0.07058823529411765
0.11764705882352941
0.06666666666666667
0.08235294117647059
0.07450980392156863
0.07450980392156863
0.0784313725490196
0.043137254901960784
0.09019607843137255
0.06666666666666667
0.09411764705882353
0.06274509803921569
0.10980392156862745
0.11372549019607843
0.050980392156862744
0.08235294117647059
0.06666666666666667
0.023529411764705882
0.0392156862745098
0.0784313725490196
0.058823529411764705
0.08627450980392157
0.07058823529411765
0.08235294117647059
0.08627450980392157
0.06666666666666667
0.07058823529411765
0.054901960784313725
0.058823529411764705
0.027450980392156862
0.06666666666666667
0.08235294117647059
0.050980392156862744
0.058823529411764705
0.10980392156862745
0.09411764705882353
0.08235294117647059
0.07450980392156863
0.07058823529411765
0.06666666666666667
0.08627450980392157
0.06274509803921569
0.054901960784313725
0.07450980392156863
0.058823529411764705
0.0392156862745098
0.09411764705882353
0.08627450980392157
0.10196078431372549
0.0784313725490196
0.11372549019607843
0.10980392156862745
0.09019607843137255
0.09803921568627451
0.12549019607843137
0.12941176470588237
0.12156862745098039
0.11372549019607843
0.10588235294117647
0.09411764705882353
0.07058823529411765
0.16470588235294117
0.2196078431372549
0.22745098039215686
0.3843137254901961
0.23137254901960785
0.24313725490196078
0.11372549019607843
0.1607843137254902
0.11764705882352941
0.0784313725490196
0.03529411764705882
0.047058823529411764
0.027450980392156862
0.023529411764705882
0.023529411764705882
0.027450980392156862
0.027450980392156862
0.023529411764705882
0.023529411764705882
0.023529411764705882
0.03529411764705882
0.03529411764705882
0.0392156862745098
0.058823529411764705
0.0784313725490196
0.10196078431372549
0.058823529411764705
0.06274509803921569
0.07058823529411765
0.09803921568627451
0.13333333333333333
0.1411764705882353
0.1411764705882353
0.12941176470588237
0.12156862745098039
0.10980392156862745
0.08235294117647059
0.058823529411764705
0.058823529411764705
0.054901960784313725
0.047058823529411764
0.043137254901960784
0.07058823529411765
0.06666666666666667
0.047058823529411764
0.058823529411764705
0.07058823529411765
0.058823529411764705
0.047058823529411764
0.06666666666666667
0.06274509803921569
0.06666666666666667
0.07058823529411765
0.07058823529411765
0.06274509803921569
0.058823529411764705
0.24313725490196078
0.21568627450980393
0.23921568627450981
0.3254901960784314
0.23921568627450981
0.24313725490196078
0.13725490196078433
0.058823529411764705
0.058823529411764705
0.07058823529411765
0.08627450980392157
0.11764705882352941
0.07058823529411765
0.06274509803921569
0.0784313725490196
0.047058823529411764
0.054901960784313725
0.043137254901960784
0.043137254901960784
0.054901960784313725
0.07058823529411765
0.07450980392156863
0.06274509803921569
0.07450980392156863
0.10196078431372549
0.06666666666666667
0.06666666666666667
0.050980392156862744
0.054901960784313725
0.07058823529411765
0.0784313725490196
0.07058823529411765
0.08627450980392157
0.08235294117647059
0.08627450980392157
0.08235294117647059
0.09019607843137255
0.08235294117647059
0.08627450980392157
0.07450980392156863
0.09019607843137255
0.10196078431372549
0.08235294117647059
0.08627450980392157
0.06666666666666667
0.08627450980392157
0.10588235294117647
0.054901960784313725
0.08627450980392157
0.07450980392156863
0.08627450980392157
0.08627450980392157
0.10588235294117647
0.09803921568627451
0.10588235294117647
0.08627450980392157
0.08235294117647059
0.07058823529411765
0.0784313725490196
0.09019607843137255
0.11372549019607843
0.09019607843137255
0.09019607843137255
0.058823529411764705
0.058823529411764705
0.09019607843137255
0.07058823529411765
0.043137254901960784
