0.26666666666666666
0.23137254901960785
0.30196078431372547
0.30980392156862746
0.2901960784313726
0.2823529411764706
0.24705882352941178
0.2627450980392157
0.2784313725490196
0.23529411764705882
0.2784313725490196
0.2980392156862745
0.24705882352941178
0.23529411764705882
0.2784313725490196
0.22745098039215686
0.2549019607843137
0.25098039215686274
0.23921568627450981
0.23137254901960785
0.2784313725490196
0.2627450980392157
0.27058823529411763
0.26666666666666666
0.27450980392156865
0.2823529411764706
0.27058823529411763
0.25098039215686274
0.25882352941176473
0.30980392156862746
0.2549019607843137
0.24313725490196078
0.2823529411764706
0.27058823529411763
0.2627450980392157
0.24705882352941178
0.2627450980392157
0.2549019607843137
0.2823529411764706
0.2549019607843137
0.29411764705882354
0.23921568627450981
0.29411764705882354
0.27450980392156865
0.17647058823529413
0.17647058823529413
0.16862745098039217
0.17254901960784313
0.1843137254901961
0.15294117647058825
0.10980392156862745
0.09803921568627451
0.10196078431372549
0.09411764705882353
0.10196078431372549
0.06666666666666667
0.0392156862745098
0.047058823529411764
0.054901960784313725
0.0784313725490196
0.06666666666666667
0.06274509803921569
0.06274509803921569
0.06274509803921569
0.043137254901960784
0.03137254901960784
0.03137254901960784
0.03137254901960784
0.03137254901960784
0.09019607843137255
0.10196078431372549
0.10980392156862745
0.11764705882352941
0.10196078431372549
0.09019607843137255
0.08627450980392157
0.07450980392156863
0.06666666666666667
0.043137254901960784
0.054901960784313725
0.047058823529411764
0.07450980392156863
0.07450980392156863
0.07450980392156863
0.07058823529411765
0.07058823529411765
0.07058823529411765
0.06666666666666667
0.07450980392156863
0.0392156862745098
0.09019607843137255
0.3803921568627451
0.3843137254901961
0.3568627450980392
0.1803921568627451
0.06274509803921569
0.054901960784313725
0.054901960784313725
0.058823529411764705
0.058823529411764705
0.054901960784313725
0.07058823529411765
0.10588235294117647
0.30980392156862746
0.30196078431372547
0.3411764705882353
0.2980392156862745
0.1411764705882353
0.06274509803921569
0.09019607843137255
0.09019607843137255
0.07058823529411765
0.027450980392156862
0.03137254901960784
0.03137254901960784
0.027450980392156862
0.027450980392156862
0.12549019607843137
0.07450980392156863
0.06274509803921569
0.06274509803921569
0.06274509803921569
0.050980392156862744
0.03137254901960784
0.08627450980392157
0.12941176470588237
0.050980392156862744
0.0784313725490196
0.08235294117647059
0.09803921568627451
0.07450980392156863
0.0784313725490196
0.06274509803921569
0.047058823529411764
0.03137254901960784
0.054901960784313725
0.09411764705882353
0.058823529411764705
0.058823529411764705
0.07058823529411765
0.08235294117647059
0.0784313725490196
0.06666666666666667
0.050980392156862744
0.054901960784313725
0.054901960784313725
0.06274509803921569
0.07450980392156863
0.07058823529411765
0.08627450980392157
0.08235294117647059
0.09803921568627451
0.08235294117647059
0.09019607843137255
0.0784313725490196
0.08235294117647059
0.08627450980392157
0.08235294117647059
0.07450980392156863
0.058823529411764705
0.07058823529411765
0.22745098039215686
0.34509803921568627
0.33725490196078434
0.24313725490196078
0.07058823529411765
0.058823529411764705
0.0784313725490196
0.10196078431372549
0.07058823529411765
0.07450980392156863
0.10980392156862745
0.10980392156862745
0.10588235294117647
0.08235294117647059
0.12549019607843137
0.10588235294117647
0.10196078431372549
0.07450980392156863
0.0784313725490196
0.07450980392156863
0.07058823529411765
0.07450980392156863
0.06666666666666667
0.050980392156862744
0.047058823529411764
0.047058823529411764
0.050980392156862744
0.050980392156862744
0.07058823529411765
0.0784313725490196
0.08627450980392157
0.09019607843137255
0.050980392156862744
0.03529411764705882
0.054901960784313725
0.06274509803921569
0.06666666666666667
0.06274509803921569
0.07450980392156863
0.054901960784313725
0.054901960784313725
0.07450980392156863
0.058823529411764705
0.0392156862745098
0.054901960784313725
0.058823529411764705
0.08235294117647059
0.09411764705882353
0.08627450980392157
0.0784313725490196
0.0784313725490196
0.07450980392156863
0.07450980392156863
0.06274509803921569
0.047058823529411764
0.050980392156862744
0.06274509803921569
0.07058823529411765
0.07058823529411765
0.050980392156862744
0.050980392156862744
0.054901960784313725
0.050980392156862744
0.058823529411764705
0.050980392156862744
0.050980392156862744
0.09019607843137255
0.21176470588235294
0.2235294117647059
0.23137254901960785
0.21176470588235294
0.19215686274509805
0.1450980392156863
0.047058823529411764
0.06274509803921569
0.054901960784313725
0.054901960784313725
0.054901960784313725
0.050980392156862744
0.050980392156862744
0.050980392156862744
0.058823529411764705
0.027450980392156862
0.12156862745098039
0.2196078431372549
0.29411764705882354
0.0784313725490196
0.0784313725490196
0.08627450980392157
0.08627450980392157
0.09019607843137255
0.11372549019607843
0.12156862745098039
0.11764705882352941
0.07058823529411765
0.047058823529411764
0.16862745098039217
0.1803921568627451
0.21568627450980393
0.1803921568627451
0.1568627450980392
0.07058823529411765
0.0392156862745098
0.027450980392156862
0.043137254901960784
0.043137254901960784
0.09019607843137255
0.1411764705882353
0.0784313725490196
0.10196078431372549
0.08627450980392157
0.10588235294117647
0.10588235294117647
0.10588235294117647
0.10196078431372549
0.08235294117647059
0.07058823529411765
0.050980392156862744
0.06666666666666667
0.08235294117647059
0.09803921568627451
0.10588235294117647
0.11764705882352941
0.1411764705882353
0.09803921568627451
0.09411764705882353
0.11372549019607843
0.11764705882352941
0.11372549019607843
0.12549019607843137
0.07450980392156863
0.06274509803921569
0.08627450980392157
0.12549019607843137
0.12549019607843137
0.14901960784313725
0.13333333333333333
0.16862745098039217
0.16470588235294117
0.24313725490196078
0.20784313725490197
0.1411764705882353
0.2196078431372549
0.19215686274509805
0.13333333333333333
0.21176470588235294
0.18823529411764706
0.20392156862745098
0.20392156862745098
0.19607843137254902
0.17647058823529413
0.20784313725490197
0.18823529411764706
0.1607843137254902
0.19607843137254902
0.16862745098039217
0.2
0.19215686274509805
0.21176470588235294
0.17254901960784313
0.2
0.19607843137254902
0.15294117647058825
0.1607843137254902
0.19607843137254902
0.24313725490196078
0.19607843137254902
0.19215686274509805
0.23529411764705882
0.2235294117647059
0.13333333333333333
0.15294117647058825
0.08235294117647059
0.1450980392156863
0.17254901960784313
0.16470588235294117
0.24313725490196078
0.21176470588235294
0.2196078431372549
0.2
0.19607843137254902
0.11372549019607843
