0.17254901960784313
0.17647058823529413
0.23137254901960785
0.19607843137254902
0.18823529411764706
0.1450980392156863
0.16862745098039217
0.15294117647058825
0.1568627450980392
0.1803921568627451
0.23137254901960785
0.18823529411764706
0.16470588235294117
0.1803921568627451
0.23137254901960785
0.18823529411764706
0.19607843137254902
0.16862745098039217
0.15294117647058825
0.16470588235294117
0.1411764705882353
0.1607843137254902
0.16862745098039217
0.13725490196078433
0.17254901960784313
0.16862745098039217
0.2549019607843137
0.2235294117647059
0.21568627450980393
0.1450980392156863
0.17647058823529413
0.13725490196078433
0.1450980392156863
0.17254901960784313
0.1450980392156863
0.23529411764705882
0.19607843137254902
0.21176470588235294
0.17254901960784313
0.1607843137254902
0.1607843137254902
0.15294117647058825
0.16470588235294117
0.12549019607843137
0.12549019607843137
0.1450980392156863
0.1607843137254902
0.17254901960784313
0.17254901960784313
0.13333333333333333
0.14901960784313725
0.1803921568627451
0.12156862745098039
0.07058823529411765
0.0784313725490196
0.047058823529411764
0.054901960784313725
0.054901960784313725
0.0392156862745098
0.0392156862745098
0.11764705882352941
0.1568627450980392
0.12941176470588237
0.1411764705882353
0.13333333333333333
0.12156862745098039
0.0784313725490196
0.0784313725490196
0.09019607843137255
0.08627450980392157
0.09411764705882353
0.08627450980392157
0.08235294117647059
0.07450980392156863
0.10980392156862745
0.09019607843137255
0.12156862745098039
0.11372549019607843
0.10980392156862745
0.09411764705882353
0.09411764705882353
0.10588235294117647
0.10588235294117647
0.10588235294117647
0.08235294117647059
0.09019607843137255
0.08235294117647059
0.058823529411764705
0.03529411764705882
0.054901960784313725
0.12941176470588237
0.29411764705882354
0.3568627450980392
0.3568627450980392
0.34509803921568627
0.35294117647058826
0.3843137254901961
0.3215686274509804
0.2901960784313726
0.27058823529411763
0.26666666666666666
0.07450980392156863
0.10588235294117647
0.08627450980392157
0.043137254901960784
0.0392156862745098
0.03529411764705882
0.043137254901960784
0.0392156862745098
0.03529411764705882
0.03529411764705882
0.0392156862745098
0.03529411764705882
0.03137254901960784
0.06274509803921569
0.28627450980392155
0.2784313725490196
0.10980392156862745
0.0784313725490196
0.10588235294117647
0.09411764705882353
0.10980392156862745
0.10980392156862745
0.10588235294117647
0.11372549019607843
0.08235294117647059
0.10588235294117647
0.14901960784313725
0.12156862745098039
0.09803921568627451
0.1568627450980392
0.12941176470588237
0.18823529411764706
0.16862745098039217
0.1450980392156863
0.1843137254901961
0.16470588235294117
0.2196078431372549
0.1568627450980392
0.1843137254901961
0.13725490196078433
0.16470588235294117
0.15294117647058825
0.14901960784313725
0.15294117647058825
0.1568627450980392
0.19215686274509805
0.1450980392156863
0.20392156862745098
0.21176470588235294
0.1568627450980392
0.12941176470588237
0.1803921568627451
0.20392156862745098
0.19607843137254902
0.1803921568627451
0.17254901960784313
0.17647058823529413
0.12156862745098039
0.09411764705882353
0.09019607843137255
0.08627450980392157
0.09019607843137255
0.09019607843137255
0.10588235294117647
0.0784313725490196
0.06274509803921569
0.0784313725490196
0.058823529411764705
0.06666666666666667
0.08627450980392157
0.2784313725490196
0.30196078431372547
0.2980392156862745
0.3058823529411765
0.3411764705882353
0.3254901960784314
0.23137254901960785
0.1450980392156863
0.09019607843137255
0.09411764705882353
0.09803921568627451
0.08627450980392157
0.08627450980392157
0.07450980392156863
0.054901960784313725
0.054901960784313725
0.07058823529411765
0.23529411764705882
0.28627450980392155
0.34509803921568627
0.3137254901960784
0.29411764705882354
0.2980392156862745
0.29411764705882354
0.17647058823529413
0.0784313725490196
0.08235294117647059
0.08627450980392157
0.1450980392156863
0.12941176470588237
0.18823529411764706
0.1411764705882353
0.11764705882352941
0.12941176470588237
0.10196078431372549
0.10980392156862745
0.11764705882352941
0.09019607843137255
0.06274509803921569
0.047058823529411764
0.09019607843137255
0.09411764705882353
0.07058823529411765
0.0784313725490196
0.07450980392156863
0.09411764705882353
0.058823529411764705
0.09019607843137255
0.09411764705882353
0.0784313725490196
0.058823529411764705
0.058823529411764705
0.054901960784313725
0.09411764705882353
0.07450980392156863
0.07058823529411765
0.16862745098039217
0.2196078431372549
0.17254901960784313
0.08235294117647059
0.08235294117647059
0.07450980392156863
0.047058823529411764
0.050980392156862744
0.09019607843137255
0.043137254901960784
0.1450980392156863
0.17647058823529413
0.1803921568627451
0.1607843137254902
0.13333333333333333
0.2196078431372549
0.2980392156862745
0.35294117647058826
0.3568627450980392
0.3333333333333333
0.37254901960784315
0.18823529411764706
0.10980392156862745
0.12549019607843137
0.06274509803921569
0.0392156862745098
0.058823529411764705
0.10196078431372549
0.12156862745098039
0.11372549019607843
0.12549019607843137
0.13333333333333333
0.13333333333333333
0.13333333333333333
0.11764705882352941
0.09803921568627451
0.08627450980392157
0.09411764705882353
0.10980392156862745
0.09411764705882353
0.09803921568627451
0.12156862745098039
0.2
0.17254901960784313
0.18823529411764706
0.2
0.17254901960784313
0.16862745098039217
0.16862745098039217
0.18823529411764706
0.1843137254901961
0.1568627450980392
0.20784313725490197
0.17254901960784313
0.20392156862745098
0.20392156862745098
0.16470588235294117
0.17647058823529413
0.21568627450980393
0.1607843137254902
0.18823529411764706
0.2
0.17254901960784313
0.1843137254901961
0.16470588235294117
0.15294117647058825
0.16862745098039217
0.15294117647058825
0.20392156862745098
0.14901960784313725
0.19215686274509805
0.2196078431372549
0.17647058823529413
0.19215686274509805
0.19215686274509805
0.16862745098039217
0.20392156862745098
0.16862745098039217
0.1843137254901961
0.12549019607843137
0.2235294117647059
0.17254901960784313
0.19607843137254902
0.21568627450980393
0.13725490196078433
0.1803921568627451
0.14901960784313725
0.17647058823529413
0.19607843137254902
0.1411764705882353
0.1411764705882353
0.1607843137254902
0.17647058823529413
0.1803921568627451
0.18823529411764706
0.19607843137254902
0.20392156862745098
0.1803921568627451
0.16862745098039217
0.19607843137254902
0.1411764705882353
